7.45
7.0
7.2
9.33
5.14
5.06
4.6
4.88
4.68
4.87
4.7
4.72
4.58
7.32
5.38
4.76
4.87
4.41
4.77
4.55
5.06
5.78
5.49
4.6
5.4
5.31
5.0
5.07
4.54
4.88
4.76
5.37
4.41
4.79
5.93
4.76
5.24
4.84
5.71
4.7
6.29
4.64
5.68
4.81
5.31
5.12
6.22
5.75
5.21
5.03
5.05
6.45
5.44
4.9
7.14
5.04
4.99
4.73
5.15
5.33
4.81
4.72
4.79
5.06
4.64
4.54
4.35
5.27
5.17
4.3
5.44
4.7
4.67
4.64
4.91
4.49
4.68
5.88
4.93
7.4
7.38
5.31
5.72
5.95
5.09
5.58
5.23
5.62
5.62
5.08
5.17
5.26
5.28
6.88
6.29
5.67
4.39
5.31
3.9
5.42
4.77
4.86
5.14
4.7
4.87
4.08
4.33
6.35
4.9
5.07
4.81
5.69
4.3
6.11
5.48
5.89
4.31
4.23
6.78
4.38
4.81
4.27
5.14
4.88
4.45
4.14
6.04
5.8
5.35
5.44
4.33
4.66
4.85
5.54
4.31
5.32
4.17
4.08
4.5
4.51
4.68
4.87
5.1
4.32
3.85
4.68
3.79
3.18
5.45
4.61
4.42
6.41
4.58
3.93
5.31
4.18
5.25
4.42
5.09
4.75
3.94
3.79
7.88
4.19
6.25
5.0
6.59
3.81
4.53
4.36
4.4
4.15
4.26
4.15
3.71
6.64
4.4
3.84
4.84
4.05
4.64
3.89
3.95
4.17
4.12
4.09
5.39
8.11
4.36
6.62
4.19
6.5
5.01
4.25
5.41
4.06
4.22
3.93
5.22
6.33
7.5
4.0
5.53
4.47
3.34
4.22
4.95
4.93
4.32
2.31
4.0
4.32
4.82
4.6
4.29
4.71
3.94
5.22
4.29
3.86
4.19
2.83
3.91
4.11
4.63
8.0
5.17
4.81
3.76
4.66
4.01
5.24
4.16
4.22
5.62
3.78
5.25
4.05
3.93
4.29
4.32
4.52
4.35
3.18
5.44
4.04
4.5
8.14
5.5
4.1
4.63
3.58
5.46
3.85
3.24
4.92
6.32
6.12
4.04
4.65
3.64
3.33
4.12
8.5
4.6
7.58
3.73
3.98
4.65
4.33
3.36
5.86
4.05
3.89
4.68
4.96
10.5
4.44
5.04
5.08
3.29
5.23
6.1
4.34
6.25
5.18
4.23
4.61
6.27
6.06
5.23
5.16
5.25
3.8
7.5
4.28
4.01
6.0
5.89
5.35
6.0
5.42
5.75
3.08
3.53
5.37
3.67
5.26
4.26
4.91
3.03
2.95
3.78
3.03
4.6
5.07
5.83
5.64
4.81
3.97
4.09
4.83
4.16
4.0
4.12
6.65
3.84
4.11
4.08
4.11
5.0
4.49
4.89
3.82
2.88
4.7
6.1
4.05
4.17
6.19
7.29
5.62
3.71
4.16
4.56
7.77
4.62
4.03
7.54
4.73
3.84
4.45
3.3
11.33
4.33
4.18
5.54
5.24
3.19
5.35
3.82
4.55
8.46
4.75
4.45
4.19
4.69
4.13
7.67
4.48
5.97
4.89
4.8
6.14
3.7
3.29
7.92
4.31
3.6
4.03
3.92
3.95
4.32
4.16
2.65
6.5
3.76
4.75
4.52
3.27
4.38
3.59
4.09
3.92
3.04
4.18
4.68
5.42
2.76
4.78
5.71
6.36
3.47
3.26
6.27
5.14
4.35
9.5
4.46
6.16
6.08
3.94
5.89
4.14
3.67
4.54
3.28
3.15
4.44
7.11
3.44
5.47
5.44
4.16
8.2
6.14
11.0
7.2
4.96
3.64
2.97
6.75
5.0
3.8
3.87
3.7
4.76
4.18
5.75
3.73
3.79
3.8
5.83
3.55
4.65
5.21
4.74
4.38
3.62
4.55
5.61
3.02
3.1
2.32
3.64
5.74
4.06
4.67
3.44
4.76
5.06
3.84
3.43
4.35
2.38
4.83
5.22
3.93
6.25
4.35
4.14
5.18
4.33
3.63
6.69
3.83
4.82
3.65
4.39
2.62
4.33
3.88
3.85
4.27
4.23
3.86
3.67
4.15
3.79
4.92
3.65
3.37
2.59
3.67
4.25
4.2
2.97
3.58
5.64
2.43
4.01
4.1
5.93
4.72
12.0
4.73
3.5
3.02
4.81
2.83
5.53
2.56
4.21
5.45
4.16
3.83
4.06
3.96
4.68
4.69
4.14
5.42
3.19
5.35
4.53
8.5
4.02
5.32
3.6
4.72
3.52
4.0
8.33
3.42
4.46
4.16
4.88
3.79
3.91
3.85
4.97
5.9
4.24
3.88
3.48
3.56
3.25
3.77
3.46
3.25
4.3
5.75
3.53
5.58
4.75
3.91
4.67
4.47
4.83
5.6
4.14
3.92
8.0
3.39
4.15
4.42
3.0
15.0
7.5
3.96
6.25
4.62
3.46
3.9
4.47
3.17
4.07
4.69
3.67
3.85
3.94
3.14
3.66
3.12
4.63
4.8
3.63
4.86
10.33
3.48
4.57
3.29
3.81
3.9
5.09
3.57
4.53
4.21
3.02
4.23
5.29
3.49
5.58
4.18
2.6
6.17
3.37
4.64
6.62
4.12
3.57
3.76
3.21
5.33
4.38
3.33
2.14
4.35
4.42
3.11
4.87
6.37
3.72
5.56
3.91
2.91
6.09
3.26
4.48
2.93
4.24
8.5
4.3
3.61
4.04
3.98
7.42
3.52
2.29
4.41
4.1
6.8
3.28
6.0
4.3
3.48
3.76
4.26
2.53
3.52
7.0
5.14
3.13
5.66
4.13
4.88
8.0
4.89
5.38
3.87
4.46
3.55
10.5
6.92
5.29
5.0
3.36
5.08
3.25
4.29
2.86
5.41
3.37
5.79
4.52
3.75
4.18
4.42
3.89
4.19
6.5
3.27
3.44
4.21
4.67
4.04
2.91
3.82
3.81
3.64
5.54
3.58
3.34
4.45
3.28
4.83
4.29
3.82
3.48
4.36
3.86
3.88
3.82
3.93
4.73
5.32
10.5
4.49
4.95
9.43
4.52
4.58
3.85
10.0
4.52
7.44
3.91
6.98
5.9
7.17
4.07
3.47
3.58
2.22
3.57
3.65
4.06
4.73
3.38
2.3
4.65
3.4
3.01
4.23
4.33
7.33
3.51
4.31
4.75
4.93
2.7
4.15
3.13
5.59
4.06
3.86
5.5
4.07
4.28
2.83
4.36
4.6
5.23
4.02
2.97
3.47
6.16
3.78
4.83
4.23
6.1
3.52
3.51
4.57
3.32
3.5
5.4
2.93
4.23
3.44
3.64
3.47
5.41
3.85
3.81
3.55
4.02
3.09
4.27
3.59
2.39
3.23
5.04
3.74
3.81
3.69
3.16
5.06
6.28
3.98
5.06
4.0
11.67
4.06
2.75
2.47
3.27
3.34
4.13
2.67
3.1
3.52
4.42
4.7
3.89
4.1
4.21
4.24
4.13
3.53
2.53
3.08
5.5
4.79
7.45
3.02
3.96
3.42
3.49
4.25
3.88
3.31
3.22
3.57
2.88
3.68
3.48
4.75
4.42
2.7
3.26
5.0
3.3
3.41
2.35
7.33
3.17
3.96
5.25
3.91
4.18
3.62
4.94
7.22
6.38
2.48
4.44
3.43
3.26
3.54
5.85
4.15
3.46
3.47
1.65
4.77
3.29
3.14
4.91
4.63
6.75
3.53
4.13
3.45
7.27
3.32
3.02
5.69
7.12
4.97
3.91
2.69
4.58
3.7
2.54
3.77
2.73
4.1
3.96
2.87
5.21
3.73
4.11
3.57
2.89
4.53
5.11
4.14
3.54
4.27
3.26
3.68
2.72
3.4
5.89
2.77
3.45
3.56
4.81
3.38
3.04
5.07
4.58
1.82
4.26
2.77
3.95
3.69
3.42
5.14
3.62
3.18
3.88
5.77
5.2
5.14
3.46
4.21
4.93
3.99
3.51
2.06
3.53
3.62
2.91
3.5
2.13
5.5
3.4
4.45
4.39
5.5
3.5
3.45
5.84
3.45
5.7
4.88
3.92
2.1
4.58
3.29
1.84
3.46
5.45
3.62
3.49
4.35
4.27
5.2
6.0
5.16
2.86
2.89
3.42
4.35
2.98
4.08
3.51
5.4
3.57
4.63
4.36
5.53
6.23
8.6
4.05
3.66
2.73
2.47
3.18
4.16
3.08
3.18
5.11
3.76
6.0
4.88
3.45
4.13
4.51
5.8
3.4
3.13
3.7
2.85
3.12
3.47
5.82
4.31
3.75
5.13
4.0
3.21
3.27
2.77
7.5
4.84
4.01
2.74
