7.27
5.5
5.7
5.71
5.16
5.67
5.28
5.56
5.8
5.13
5.33
5.38
6.08
5.41
5.28
4.83
6.46
4.46
6.36
5.59
5.13
4.29
5.12
5.47
5.41
4.39
5.05
5.6
5.4
5.47
5.12
5.05
5.7
4.84
5.68
4.7
4.77
5.83
5.58
5.47
4.88
5.04
3.49
5.42
5.4
5.32
5.03
4.41
5.66
5.54
5.28
5.54
5.27
5.42
5.39
5.35
5.01
4.75
4.98
4.98
5.94
3.69
5.46
5.06
6.86
4.08
4.35
5.93
6.95
3.55
5.49
5.38
7.42
4.75
5.25
4.88
5.8
5.33
5.42
4.75
4.96
3.47
4.09
5.66
4.74
5.91
5.35
4.73
4.25
4.1
3.73
5.73
5.06
5.56
4.13
4.1
5.07
4.13
5.5
3.33
5.27
4.79
4.99
4.38
4.65
2.95
5.27
4.76
4.6
4.61
4.25
3.17
5.77
5.12
4.05
2.72
4.62
1.88
6.0
5.4
4.27
5.18
5.21
4.97
5.31
5.28
5.03
5.0
4.71
3.24
4.82
5.58
4.66
5.58
3.68
5.63
6.18
5.28
6.09
4.78
4.73
4.56
5.0
4.72
1.77
4.47
5.84
5.18
5.24
4.25
4.03
5.76
5.38
5.11
4.64
4.96
6.13
5.26
1.88
4.98
4.11
4.59
4.9
5.47
5.17
4.16
4.05
4.26
5.19
4.8
4.67
4.4
3.89
5.27
5.3
4.98
5.55
4.87
5.25
5.67
5.87
4.5
4.53
4.26
4.59
5.53
4.25
3.24
3.4
5.0
3.68
6.15
4.22
4.85
4.87
4.8
5.25
5.08
5.07
5.91
3.72
4.92
5.12
4.96
4.31
6.69
4.37
3.21
2.83
4.99
4.22
4.41
4.5
4.51
5.0
5.27
4.89
2.19
4.68
6.06
3.71
1.65
4.6
1.98
4.22
4.88
3.38
3.06
5.11
4.74
3.21
4.66
4.5
4.66
5.43
5.52
3.94
4.16
5.02
6.45
4.69
5.1
2.98
2.02
6.08
5.1
4.57
3.7
3.92
3.09
5.18
4.67
4.73
3.7
4.33
3.96
3.71
4.4
5.89
5.24
1.59
6.3
4.86
4.33
4.04
5.58
5.06
5.28
5.09
4.73
4.64
4.9
3.56
4.8
4.22
4.72
2.84
3.95
3.98
4.21
4.88
4.33
4.66
4.91
4.53
3.51
4.26
3.46
3.84
5.69
4.67
2.97
4.45
5.11
4.62
4.38
3.94
4.21
4.07
5.29
3.24
5.21
4.02
1.58
4.68
4.6
4.84
5.03
2.95
4.19
3.19
4.83
4.6
4.68
5.37
4.31
2.74
4.39
3.56
3.57
5.28
4.26
3.86
4.73
4.62
3.59
4.95
4.79
4.46
5.04
4.89
4.02
4.57
4.9
3.78
3.54
5.48
3.68
4.33
4.96
4.2
3.78
4.18
4.17
5.47
4.41
5.54
1.57
5.03
4.82
4.21
3.71
4.08
3.07
4.45
3.84
4.43
4.59
4.49
2.62
3.96
4.82
4.89
4.2
3.73
4.23
4.19
3.56
4.21
2.45
4.96
4.19
4.44
4.27
4.95
4.06
4.47
4.7
3.08
4.97
4.48
5.2
3.45
3.31
4.96
4.36
3.95
4.51
3.45
4.96
4.22
4.85
4.62
2.4
5.31
5.0
5.53
4.68
1.56
4.81
2.2
4.64
5.37
4.18
1.51
3.66
4.1
3.34
5.03
4.13
2.94
3.0
4.53
5.86
4.83
2.2
4.3
2.13
4.05
5.33
5.5
5.2
4.78
3.78
5.56
5.16
4.93
4.42
4.41
5.16
4.72
4.38
3.54
1.72
5.12
5.14
3.74
4.21
4.42
4.41
2.08
4.49
3.5
2.44
2.14
4.69
6.02
3.71
4.36
5.63
4.52
5.24
3.96
5.15
5.47
6.6
4.18
5.8
4.61
2.59
2.79
3.86
3.4
2.85
6.0
2.51
2.9
5.06
5.21
4.81
3.67
5.39
4.83
5.16
4.96
5.15
4.6
4.72
4.59
3.83
4.95
3.58
4.89
4.6
3.06
2.0
4.09
3.83
3.69
4.44
5.26
4.26
5.2
2.19
4.48
5.06
2.85
3.81
4.88
4.53
4.08
4.2
4.97
5.21
5.11
4.94
3.91
3.98
4.49
5.02
4.99
5.43
3.33
3.7
5.72
5.2
3.32
1.89
5.28
4.79
3.37
4.18
3.98
5.77
5.4
5.99
4.5
2.95
5.73
5.14
4.12
4.87
3.14
4.4
3.6
3.21
4.7
4.96
5.33
6.95
4.52
3.56
4.31
4.33
3.07
4.77
5.07
4.5
4.18
5.22
2.75
4.81
4.18
4.31
3.77
3.9
4.14
3.83
4.99
2.97
3.97
4.9
5.27
4.96
4.26
3.93
3.57
3.82
3.79
4.96
3.88
5.54
5.21
3.69
4.52
3.04
3.32
4.18
2.97
4.72
5.2
4.48
5.4
4.03
2.95
4.5
4.2
4.27
4.71
3.73
3.8
3.51
4.55
4.53
4.24
5.28
4.2
3.87
4.29
3.34
5.11
4.03
2.62
4.76
5.55
4.86
4.36
2.1
3.3
4.19
4.66
4.98
4.62
4.19
3.87
4.28
3.98
3.85
3.73
3.87
3.61
4.2
4.5
2.04
4.49
3.75
3.14
4.56
4.86
2.66
4.57
5.04
2.86
3.64
4.75
2.75
4.59
2.64
4.79
3.9
4.33
4.8
5.65
4.46
3.16
3.7
2.35
5.51
4.59
4.35
4.37
2.4
4.29
3.54
4.05
4.69
4.0
5.06
4.23
4.94
4.54
4.91
4.65
4.98
2.86
4.11
5.26
5.15
4.67
3.86
4.43
4.62
3.93
4.2
3.64
3.67
3.78
5.33
2.57
2.35
5.63
5.14
4.24
2.07
3.33
4.28
3.51
4.33
4.85
4.11
4.22
3.51
4.64
3.65
3.3
3.64
5.0
5.39
3.62
4.02
4.35
5.26
5.01
5.48
5.08
4.24
3.89
4.66
3.42
4.9
4.33
4.52
3.26
2.94
3.81
3.13
4.29
4.02
4.74
4.41
4.1
5.55
3.59
4.94
3.78
6.93
3.44
4.53
3.46
4.2
4.1
3.99
4.07
4.14
5.34
2.18
4.42
4.73
2.84
5.62
3.41
4.44
5.22
3.98
3.77
4.69
4.1
3.42
4.98
4.68
2.73
4.65
4.01
3.66
5.36
3.91
5.63
4.59
3.23
3.58
3.84
4.11
3.23
4.19
5.21
3.54
4.07
4.52
3.47
5.6
4.09
4.32
4.32
3.72
4.6
4.69
3.53
4.38
4.16
4.19
2.79
3.7
4.07
3.76
4.7
4.15
4.18
3.27
4.92
4.88
6.52
3.87
4.11
3.17
3.12
3.76
3.69
4.36
5.32
5.47
5.22
4.13
5.69
3.19
5.5
2.06
5.46
3.42
2.21
3.86
5.25
4.61
3.65
2.92
4.1
4.0
3.4
4.99
5.05
5.42
4.59
3.54
4.11
4.94
4.96
3.61
3.99
4.9
4.64
2.7
2.82
3.86
4.18
3.88
4.11
3.87
2.63
4.62
2.27
3.79
3.31
3.82
2.75
5.14
4.87
5.45
4.48
3.31
3.2
3.2
6.18
4.43
4.1
5.57
3.5
3.02
4.94
2.15
2.66
4.7
5.64
3.66
2.68
2.53
5.36
1.87
5.19
4.82
3.99
4.56
2.96
3.89
5.11
2.17
4.05
5.58
2.59
3.43
3.5
4.31
2.74
3.13
3.94
3.74
4.24
4.78
3.9
5.0
3.56
4.94
2.61
3.39
2.78
1.64
3.45
5.33
4.77
3.81
2.6
4.22
4.33
2.59
2.25
4.1
4.02
4.48
4.04
4.16
3.94
2.29
2.77
3.39
4.69
3.97
2.21
4.32
3.68
3.34
3.68
4.13
2.89
4.7
2.38
5.78
4.11
4.06
4.02
3.18
3.65
2.47
4.31
5.74
4.79
3.66
3.38
4.84
4.35
5.41
3.42
1.53
3.57
4.58
4.47
3.45
3.9
4.23
2.82
4.35
5.67
3.91
3.7
3.93
1.69
1.89
3.03
4.25
3.31
3.47
2.9
4.51
3.73
4.6
2.04
3.41
3.44
4.99
3.68
5.65
4.94
4.82
3.66
3.83
2.55
3.6
3.46
3.45
4.16
3.0
5.59
2.5
3.09
3.79
3.91
2.24
3.09
3.41
4.32
2.98
4.01
4.86
5.69
4.14
5.5
3.44
4.29
3.71
2.81
2.44
4.03
4.26
