7.49
7.04
5.92
5.32
5.79
5.17
5.42
5.53
5.33
5.65
5.39
5.61
5.3
5.83
5.1
5.94
5.21
5.0
6.29
5.36
5.27
5.5
5.57
4.97
5.49
5.35
5.22
5.14
5.99
4.37
6.08
5.17
5.58
4.88
5.25
5.56
4.49
5.11
4.81
4.68
5.19
3.77
4.92
4.03
5.55
5.13
5.37
4.73
5.82
5.32
5.0
4.1
3.45
5.53
4.69
5.39
5.12
4.98
4.9
4.83
5.54
6.16
3.8
5.31
4.55
3.38
4.49
4.19
6.47
5.42
3.61
3.45
4.12
4.98
5.06
5.58
1.61
5.62
5.74
5.14
4.58
4.34
5.17
5.82
4.62
7.31
4.88
4.21
3.59
4.37
2.92
5.34
5.14
4.89
4.03
4.85
5.25
4.13
3.61
4.66
5.12
5.42
5.08
3.9
4.48
4.79
4.9
4.55
3.62
6.19
5.97
5.22
4.5
4.47
4.0
4.54
4.31
4.6
3.54
3.35
3.78
4.38
3.67
3.91
4.95
4.27
5.84
4.59
3.74
3.49
5.21
5.6
4.84
5.16
4.71
4.04
4.46
6.56
4.45
4.81
4.66
4.5
1.43
4.65
4.76
3.96
4.29
4.77
3.82
4.22
4.5
7.35
4.85
5.37
6.14
4.07
4.0
5.88
3.78
4.96
4.57
4.49
4.76
4.99
4.17
1.82
5.83
4.11
5.18
5.72
4.32
4.72
5.08
4.49
4.54
4.92
4.05
4.49
5.39
5.01
3.84
3.69
5.59
3.6
5.95
3.45
5.47
4.88
4.26
5.26
4.37
4.59
4.54
5.2
4.9
7.56
4.58
2.97
4.23
4.15
4.17
3.57
4.14
4.4
3.92
4.41
6.2
4.97
5.48
3.73
3.33
4.99
5.15
4.07
1.45
3.98
5.32
4.06
3.04
4.1
4.3
4.13
4.17
4.33
4.78
4.8
4.24
3.87
3.89
3.49
4.16
3.94
6.71
3.89
4.49
2.84
3.78
5.37
3.53
5.76
4.19
5.24
4.08
5.16
3.13
5.22
4.38
4.6
4.24
3.65
2.93
3.56
5.01
4.08
4.18
5.13
6.22
4.79
1.72
3.07
4.34
4.84
4.07
4.02
4.19
5.0
3.1
4.76
3.85
5.37
3.3
1.43
4.27
4.5
4.04
3.86
3.89
3.37
3.52
5.79
4.23
6.03
4.92
4.39
4.13
4.39
3.3
4.85
3.22
4.43
4.17
3.92
3.65
1.38
3.34
2.62
4.21
1.59
5.49
4.11
4.52
4.08
3.27
3.74
3.11
3.98
5.7
4.17
3.44
3.94
2.98
3.73
4.12
4.68
2.99
5.79
4.66
3.42
3.95
3.48
4.7
1.3
3.73
4.0
4.92
3.4
5.92
4.08
3.62
3.59
3.26
5.79
4.33
3.64
4.92
4.02
3.2
3.82
4.8
3.93
3.83
4.41
3.85
4.22
4.51
4.67
4.48
3.94
2.69
5.22
4.57
3.46
3.59
3.91
4.54
4.39
4.51
5.05
4.13
3.26
4.15
3.56
3.98
5.77
3.49
4.6
3.88
3.5
4.3
3.65
4.79
3.95
3.68
2.91
3.95
4.72
3.45
4.43
4.55
4.45
3.19
1.59
3.69
5.01
4.56
4.24
3.91
3.91
4.25
4.42
3.46
3.49
3.1
4.93
4.56
3.41
3.08
5.81
3.7
5.36
4.37
4.24
3.68
3.57
3.3
3.52
4.36
4.65
4.7
3.42
3.98
3.97
3.16
4.39
4.46
2.92
4.11
4.17
3.71
4.75
4.3
4.23
3.3
4.69
4.23
3.96
4.66
2.02
2.05
4.52
3.7
1.47
3.55
3.62
3.16
5.06
2.27
4.19
3.29
5.34
3.84
5.3
4.18
3.57
4.98
4.12
3.53
4.19
4.11
2.43
5.6
4.37
4.8
4.24
3.36
4.11
4.24
4.74
2.66
1.64
4.34
4.18
3.5
5.21
3.54
3.16
4.06
4.08
3.82
3.72
4.13
5.33
3.82
1.58
4.14
3.79
3.71
1.58
3.36
3.45
3.84
4.09
4.14
4.08
3.0
3.38
1.63
1.47
3.74
3.98
3.12
4.23
3.58
3.69
1.38
3.53
4.29
3.65
3.86
2.66
4.31
4.55
3.78
1.51
3.01
3.43
3.94
2.68
3.8
4.64
4.39
4.57
3.52
2.93
3.98
3.11
3.43
1.67
3.63
2.89
4.16
3.68
4.19
4.22
4.11
4.39
3.96
3.61
4.42
3.67
3.68
3.49
3.86
3.36
3.95
2.73
5.53
3.25
3.5
5.1
1.73
3.31
3.93
3.72
4.98
4.33
4.43
4.1
2.46
3.73
2.52
5.19
3.83
4.1
4.91
4.46
3.81
4.88
2.87
3.5
4.44
4.21
6.58
3.7
4.45
1.4
3.32
4.0
2.83
3.94
5.34
3.47
3.84
3.48
3.3
3.69
3.49
3.03
3.96
3.82
3.92
4.51
1.67
2.38
1.66
3.3
3.27
3.17
5.24
4.22
4.13
3.89
4.15
2.62
3.87
3.89
2.99
4.64
4.2
3.39
2.91
5.91
5.02
4.68
4.52
1.64
3.61
2.78
3.55
4.27
3.74
2.03
2.9
3.6
4.93
4.86
2.71
4.02
4.73
3.37
3.88
3.86
2.82
3.77
2.36
3.82
3.75
3.62
3.15
4.46
4.53
1.77
3.04
5.7
1.73
3.46
3.9
4.93
3.92
3.39
3.18
3.95
3.69
3.73
3.62
3.21
4.08
4.8
2.95
4.74
4.92
4.33
4.28
4.98
3.48
3.41
2.79
3.89
1.47
3.38
1.71
4.93
3.45
3.04
2.71
3.56
3.39
4.22
3.21
3.62
2.97
4.82
2.64
2.32
3.77
3.45
3.17
3.21
1.56
3.13
4.65
3.91
1.53
4.47
1.71
3.72
3.99
3.8
3.64
4.43
6.3
4.03
4.03
3.65
1.54
3.4
4.83
3.77
2.73
4.14
3.81
4.24
3.2
4.35
2.59
2.95
4.26
3.64
3.4
4.87
4.0
3.15
4.45
3.34
4.07
6.15
3.09
4.37
3.07
2.7
3.58
3.58
5.54
1.56
3.44
4.06
1.76
3.99
5.01
4.7
3.56
4.39
4.2
3.29
3.52
3.2
4.22
3.86
3.73
4.09
3.04
5.2
3.74
4.04
4.15
1.97
3.07
4.61
2.86
3.4
3.43
5.28
3.35
3.35
3.47
4.05
4.08
3.82
4.58
3.89
2.77
3.3
5.16
4.24
2.68
3.54
3.27
4.94
2.94
4.64
2.95
4.12
3.61
3.56
2.62
4.77
3.58
3.51
3.27
3.51
3.51
4.0
2.77
4.55
1.95
1.38
3.79
3.66
1.72
4.22
3.76
6.48
3.79
3.47
4.34
2.29
3.35
4.29
3.38
3.1
4.59
3.5
5.34
3.88
4.71
3.5
3.04
3.29
3.0
3.93
3.48
3.52
2.65
4.08
3.57
1.8
3.27
1.96
2.33
3.2
1.89
3.09
3.56
3.64
4.3
2.55
2.62
4.26
3.88
3.2
3.12
4.2
2.82
3.2
4.08
3.84
7.54
5.56
3.07
2.87
3.67
4.31
1.69
3.76
2.05
2.38
5.53
4.82
4.3
4.06
4.13
3.6
4.7
3.09
1.77
3.99
3.92
4.71
3.79
3.31
4.54
3.47
3.01
2.78
3.7
4.36
3.34
3.25
3.04
3.07
3.24
3.46
3.7
5.51
2.84
2.58
5.2
3.54
4.1
3.39
3.2
3.98
3.69
3.45
3.62
3.04
3.62
3.67
4.82
3.76
3.64
3.99
3.56
2.89
3.46
3.64
3.32
3.25
2.6
2.39
3.0
1.77
3.63
3.6
4.48
3.38
5.03
1.94
4.32
3.82
4.62
3.85
3.55
2.78
4.68
4.58
3.02
2.72
3.07
2.96
3.47
5.18
1.64
4.05
5.47
3.6
4.09
2.93
4.05
3.87
1.85
3.54
2.68
3.82
3.41
4.03
3.17
4.2
3.11
2.77
3.07
2.66
4.85
3.24
3.93
3.52
4.51
3.33
4.6
2.91
4.5
3.41
4.08
3.63
3.15
5.43
3.26
4.15
3.77
3.99
1.69
3.45
3.07
2.68
3.37
3.31
3.45
4.21
4.44
3.99
4.62
3.38
3.36
3.92
3.56
3.87
2.68
1.53
4.54
3.52
2.21
3.94
1.81
2.67
3.87
4.73
3.36
3.68
4.21
3.32
3.91
3.95
3.92
3.68
3.63
4.13
4.9
1.73
3.04
4.43
