9.33
7.24
8.38
1.19
7.55
8.09
7.2
1.2
6.72
4.86
0.05
0.2
1.55
0.27
6.86
0.05
0.18
0.18
0.09
7.5
6.0
8.9
0.09
1.4
0.16
6.64
0.09
0.09
0.16
1.64
0.3
6.94
0.3
1.46
1.44
0.2
0.2
2.0
0.31
1.71
0.3
0.31
0.29
5.0
0.3
0.2
0.18
0.31
0.2
0.45
0.2
0.36
0.36
0.62
0.29
0.27
1.5
0.33
0.18
0.2
0.2
0.18
0.36
0.18
0.62
0.28
0.17
0.18
0.16
0.2
0.18
0.36
0.16
0.18
0.2
0.2
0.18
7.06
0.2
0.16
0.29
1.67
6.42
0.5
0.16
2.0
0.42
0.31
1.71
0.31
0.5
0.31
0.2
0.31
0.42
0.31
0.27
0.36
0.23
0.27
0.16
0.3
0.2
6.04
0.24
0.5
0.29
0.19
0.16
0.2
0.2
0.12
0.42
0.25
0.36
0.33
1.41
0.33
0.27
1.48
0.21
0.19
0.36
0.31
0.16
0.21
0.35
2.2
0.17
0.36
0.3
0.12
1.83
0.3
0.29
0.31
0.21
0.12
0.27
0.33
0.27
0.27
0.36
0.4
0.6
0.36
0.58
0.29
0.17
0.29
0.17
0.3
0.24
6.68
0.3
0.42
0.12
0.27
0.12
0.12
0.62
0.27
0.3
0.17
0.24
0.62
0.3
0.36
0.17
0.3
0.6
0.27
0.27
0.19
0.19
0.41
0.12
0.42
6.35
1.52
0.27
0.31
0.4
0.31
0.62
0.31
0.3
0.3
0.29
0.19
0.28
0.19
0.33
0.3
0.26
0.3
0.3
0.16
0.19
0.31
0.3
0.33
0.3
0.42
0.27
0.27
0.2
0.27
0.17
0.33
0.28
0.2
0.28
0.27
0.17
0.16
0.16
0.33
0.27
0.2
0.4
4.76
0.31
0.2
0.17
0.24
0.19
0.31
0.33
0.31
0.12
0.3
0.6
0.19
0.28
0.33
0.19
0.31
0.19
0.19
0.27
0.12
0.3
0.23
0.45
0.12
0.42
0.3
0.42
0.33
0.35
0.23
0.23
0.19
0.23
0.26
0.26
0.62
0.27
0.3
0.27
0.17
0.12
0.27
0.24
0.42
0.36
0.19
0.36
0.36
0.45
0.12
0.12
0.3
0.19
0.35
0.17
0.24
0.26
0.3
0.23
0.3
0.26
0.6
0.4
0.3
0.17
0.3
0.12
0.27
0.36
0.3
0.27
0.36
0.26
0.36
0.12
0.3
0.29
0.3
0.28
0.31
0.3
0.29
0.17
0.19
0.3
0.27
0.36
0.3
0.2
0.6
0.27
0.62
0.27
0.27
0.42
0.27
0.29
0.42
0.12
0.36
0.19
0.3
0.22
0.27
0.3
0.62
0.31
0.29
0.29
0.22
0.29
0.27
0.19
0.17
0.17
0.19
0.28
0.62
0.29
0.29
0.2
0.3
0.3
0.42
0.27
0.12
0.12
0.31
0.27
1.39
0.31
0.33
0.33
0.27
0.42
0.12
0.3
0.33
0.12
0.17
0.31
0.3
0.27
0.31
0.45
0.12
0.36
0.31
0.29
0.33
0.3
0.12
0.12
0.27
0.27
0.62
0.19
0.6
0.33
0.12
0.31
0.27
0.19
0.3
0.22
0.3
0.12
0.62
0.2
0.29
0.31
0.26
0.27
0.17
0.12
0.12
0.27
0.27
0.22
0.17
0.6
0.12
0.27
0.27
0.12
0.3
0.3
0.31
0.3
0.3
0.17
0.3
0.31
0.27
0.27
0.17
0.27
0.3
0.29
0.29
0.3
0.62
0.17
0.19
0.3
0.12
0.6
0.31
0.19
0.27
0.2
0.3
0.12
0.31
0.62
0.27
0.31
0.27
0.33
0.33
0.62
0.22
0.3
0.3
0.19
0.28
0.31
0.31
0.3
0.45
0.3
0.19
0.27
0.12
0.29
0.24
0.12
0.17
0.3
0.22
0.31
0.62
0.12
0.33
0.29
0.3
0.3
0.45
0.19
0.3
0.27
0.45
0.22
0.22
0.17
0.3
0.2
0.33
0.19
0.17
0.3
0.27
0.2
0.27
0.31
0.45
0.19
0.3
0.12
0.27
0.17
0.19
0.17
0.2
0.17
0.27
0.22
0.27
0.19
0.12
0.33
0.62
0.31
0.27
0.62
0.33
0.27
0.2
0.33
0.27
0.3
0.31
0.17
0.29
0.31
0.12
0.23
0.6
0.3
0.33
0.3
0.12
0.22
0.27
0.12
0.22
0.17
0.28
0.45
0.27
0.27
0.33
0.22
0.27
0.12
0.17
0.27
0.22
0.36
0.27
0.27
0.62
0.27
0.27
0.17
0.47
0.27
0.33
0.12
0.23
0.27
0.31
0.33
0.3
0.3
0.27
0.3
0.27
0.22
0.29
0.27
0.12
0.62
0.3
0.27
0.19
0.33
0.5
0.28
0.33
0.27
0.3
0.35
0.19
0.31
0.23
0.12
0.6
0.22
0.27
0.17
0.3
0.27
0.5
0.12
0.3
0.27
0.3
0.22
0.31
0.12
0.31
0.36
0.27
0.27
0.3
0.3
0.27
0.27
0.3
0.27
0.27
0.24
0.62
0.23
0.33
0.27
0.35
0.23
0.62
0.22
0.3
0.22
0.28
0.12
0.3
0.3
0.27
0.3
0.5
0.45
0.17
0.2
0.27
0.31
0.27
0.27
0.62
0.3
0.12
0.12
0.2
0.33
0.3
0.3
0.3
0.27
0.45
0.23
0.19
0.28
0.12
0.23
0.22
0.2
0.3
0.2
0.33
0.62
0.3
0.12
0.5
0.23
0.23
0.36
0.47
0.62
0.2
0.3
0.3
0.23
0.27
0.2
0.6
0.23
0.27
0.47
0.28
0.23
0.12
0.35
0.27
0.27
0.3
0.23
0.12
0.22
0.23
0.17
0.3
0.17
0.3
0.33
0.19
0.3
0.17
0.6
0.19
0.3
0.27
0.22
0.3
0.22
0.3
0.23
0.12
0.45
0.23
0.45
0.17
0.45
0.28
0.23
0.27
0.27
0.22
0.22
0.22
0.23
0.17
0.3
0.17
0.28
0.3
0.33
0.3
0.2
0.36
0.33
0.33
0.27
0.3
0.33
0.3
0.12
0.47
0.19
0.3
0.23
0.27
0.19
0.33
0.19
0.17
0.19
0.28
0.23
0.27
0.17
0.36
0.19
0.36
0.28
0.17
0.27
0.22
0.35
0.5
0.3
0.3
0.27
0.35
0.27
0.23
0.33
0.23
0.27
0.27
0.27
0.12
0.3
0.3
0.3
0.19
0.3
0.12
0.28
0.5
0.3
0.23
0.45
0.27
0.12
0.3
0.23
0.23
0.45
0.19
0.23
0.3
0.6
0.35
0.62
0.45
0.3
0.3
0.27
0.2
0.36
0.3
0.17
0.3
0.3
0.23
0.27
0.27
0.12
0.36
0.27
0.19
0.22
0.19
0.12
0.19
0.23
0.19
0.2
0.12
0.12
0.12
0.2
0.17
0.23
0.23
0.19
0.12
0.28
0.19
0.23
0.33
0.3
0.19
0.12
0.27
0.17
0.12
0.33
0.23
0.3
0.17
0.3
0.23
0.3
0.45
0.27
0.62
0.33
0.22
0.3
0.33
0.45
0.36
0.2
0.27
0.28
0.23
0.5
0.47
0.3
0.19
0.62
0.19
0.17
0.12
0.27
0.3
0.47
0.12
0.23
0.23
0.27
0.27
0.27
0.5
0.27
0.36
0.28
0.27
0.45
0.23
0.3
0.12
0.23
0.12
0.3
0.17
0.47
0.17
0.23
0.33
0.27
0.17
0.22
0.19
0.23
0.3
0.3
0.19
0.12
0.28
0.35
0.23
0.62
0.17
0.27
0.17
0.23
0.12
0.62
0.23
0.3
0.17
0.3
0.47
0.36
0.2
0.12
0.19
0.3
0.28
0.3
0.45
0.27
0.3
0.3
0.17
0.22
0.19
0.62
0.27
0.12
0.3
0.3
0.28
0.19
0.27
0.12
0.3
0.27
0.3
0.12
0.45
0.23
0.3
0.23
0.62
0.23
0.12
0.19
0.45
0.19
0.12
0.33
0.27
0.22
0.17
0.62
0.19
0.12
0.3
0.47
0.27
0.19
0.62
0.62
0.19
0.23
0.3
0.45
0.23
0.3
0.19
0.3
0.27
0.33
0.23
0.19
0.62
0.27
0.3
0.17
0.27
0.19
0.5
0.27
0.62
0.17
0.12
0.36
0.17
0.12
0.45
0.5
0.3
0.28
0.19
0.23
0.27
0.3
0.62
0.12
0.2
0.19
0.27
0.22
0.23
0.23
0.3
