5.15
4.74
4.59
4.5
0.0
4.39
4.71
4.53
0.0
3.83
4.81
4.34
0.0
5.98
0.0
26.0
0.0
0.0
4.79
4.12
7.06
5.91
4.5
0.0
5.95
0.0
4.65
0.0
4.62
0.0
4.4
0.0
5.5
0.0
0.0
4.67
7.19
0.0
3.7
0.0
4.21
0.0
0.0
4.32
4.11
4.38
4.08
0.0
3.9
4.07
3.81
3.24
0.0
5.27
0.0
4.36
0.0
4.22
0.0
0.0
3.81
5.13
5.71
5.62
0.0
0.0
0.0
4.76
4.54
4.3
0.0
0.0
0.0
4.91
4.58
3.82
0.0
4.15
4.49
0.0
4.39
3.56
4.98
3.84
0.0
5.55
0.0
8.56
0.0
4.05
0.0
0.0
3.7
3.75
0.0
0.0
0.0
4.61
0.0
0.0
3.88
4.39
6.04
0.0
0.0
0.0
0.0
0.0
4.49
3.85
3.55
3.97
0.0
0.0
3.63
0.0
0.0
3.92
0.0
0.0
3.89
4.41
0.0
2.05
0.0
0.0
3.93
4.34
0.0
0.0
3.31
3.77
0.0
0.0
0.0
3.45
0.0
3.86
3.78
3.78
0.0
0.0
1.58
3.75
4.0
0.0
0.0
0.0
3.65
5.29
0.0
3.39
0.0
3.59
3.98
3.72
0.0
3.74
0.0
0.0
4.39
0.0
2.79
0.0
0.0
4.11
4.27
3.97
2.87
3.72
3.67
4.58
4.09
0.0
5.02
0.0
5.33
3.53
3.58
4.0
5.58
3.48
3.93
0.0
6.36
0.0
3.76
3.07
0.0
3.89
3.41
4.93
0.0
5.25
0.0
3.99
3.25
0.0
1.93
3.5
3.76
0.0
2.93
3.4
3.92
3.53
9.54
3.62
0.0
0.0
0.0
3.68
0.0
0.0
0.0
0.0
3.36
0.0
0.0
0.0
3.45
3.08
3.55
2.81
0.0
4.0
4.6
0.0
0.0
2.5
3.56
2.6
3.42
3.49
3.94
0.0
3.54
3.61
3.28
3.44
3.69
0.0
0.0
3.43
0.0
3.56
0.0
0.0
3.49
0.0
0.0
3.13
0.0
5.28
3.61
3.53
4.47
4.91
1.69
3.12
3.43
0.0
4.1
8.33
3.44
0.0
0.0
0.0
3.51
3.58
0.0
0.0
0.0
4.56
3.94
0.0
0.0
2.82
3.24
4.82
3.08
6.91
1.93
0.0
0.0
3.68
0.0
3.28
3.22
0.0
0.0
3.35
4.62
1.57
0.0
3.67
0.0
1.22
6.75
3.04
0.0
2.94
2.88
0.0
18.0
0.0
3.85
2.53
2.92
3.65
0.0
5.71
3.26
3.76
0.0
6.09
0.0
0.0
2.33
0.0
0.0
1.49
3.41
3.1
0.0
4.12
5.15
2.69
3.32
2.93
0.0
0.0
0.0
3.8
3.75
0.0
2.82
3.32
0.0
0.0
0.0
3.18
0.0
3.24
4.13
10.33
0.0
0.0
0.0
3.41
0.0
3.21
0.0
0.0
3.46
0.0
2.93
0.0
3.09
0.0
3.51
3.62
3.09
3.48
3.67
2.95
0.0
3.28
0.0
2.51
5.11
0.0
3.85
0.0
0.0
3.38
3.74
0.0
9.0
3.78
3.52
0.0
0.0
3.54
4.24
0.0
0.0
0.0
0.0
3.36
4.01
0.0
5.0
0.0
3.05
0.0
0.0
4.81
0.0
0.0
3.9
0.0
3.73
2.91
0.0
4.12
4.11
3.08
2.84
3.22
2.89
3.12
0.0
3.35
2.92
2.88
0.0
3.26
3.46
5.3
3.21
0.0
0.0
3.44
0.0
4.67
5.0
3.91
0.0
2.88
3.11
1.84
3.72
3.24
2.96
0.0
0.0
3.26
0.0
3.63
0.0
0.0
3.15
0.0
3.06
2.67
3.7
4.8
0.0
3.04
4.34
3.07
3.31
3.67
0.0
2.79
0.0
3.71
3.11
0.0
3.51
0.0
2.96
3.01
0.0
3.08
2.17
2.8
5.51
3.37
3.08
3.08
3.13
1.76
0.0
0.0
0.0
2.03
0.0
2.81
3.2
2.66
2.9
5.57
2.49
4.16
1.87
1.72
3.22
6.91
0.0
5.94
0.0
4.59
0.0
3.15
2.9
4.39
0.0
0.0
2.62
2.93
3.61
3.69
0.0
0.0
0.0
0.0
0.0
3.06
0.0
3.13
0.0
2.96
0.0
0.0
3.14
0.0
3.62
2.99
3.35
0.0
2.39
3.17
0.0
3.04
0.0
3.38
3.16
0.0
3.1
0.0
3.23
0.0
0.0
3.76
0.0
3.02
4.78
6.62
2.08
2.86
0.0
0.0
3.23
3.3
0.0
2.91
2.83
0.0
2.44
2.91
3.17
0.0
3.26
3.21
3.33
5.54
0.0
3.13
0.0
2.93
2.66
2.85
0.0
5.91
0.0
7.67
0.0
0.0
3.73
0.0
0.0
4.4
0.0
4.22
3.25
2.87
0.0
2.81
0.0
0.0
1.81
3.5
0.0
0.0
0.0
3.54
3.83
3.72
0.0
2.81
3.22
0.0
0.0
2.96
3.29
2.19
0.0
0.0
3.73
3.41
3.0
0.0
2.77
0.0
0.0
0.0
0.0
6.1
3.76
1.94
0.0
2.69
0.0
3.13
3.04
0.0
6.45
0.0
3.38
5.32
0.0
0.0
0.0
6.23
2.18
0.0
2.89
2.92
3.29
1.93
3.12
2.91
0.0
1.79
2.36
9.6
3.11
3.85
2.66
3.06
0.0
3.02
0.0
3.03
0.0
3.1
0.0
0.0
3.17
2.98
2.8
3.19
2.87
2.59
0.0
2.96
1.84
4.27
1.84
2.96
0.0
2.92
2.64
3.4
0.0
4.77
2.58
0.0
0.0
0.0
5.61
0.0
2.9
3.34
2.77
0.0
1.32
2.49
0.0
3.15
1.72
3.87
2.09
0.0
0.0
0.0
2.7
0.0
2.52
4.5
0.0
4.87
0.0
2.92
3.76
2.33
0.0
6.29
2.97
0.0
2.71
0.0
2.97
0.0
2.65
0.0
0.0
0.0
1.76
4.33
0.0
0.0
3.24
2.88
0.0
0.0
3.15
5.0
0.0
0.0
0.0
1.72
0.0
2.98
2.01
3.45
3.27
2.89
0.0
3.57
4.04
0.0
3.2
7.38
0.0
0.0
0.0
0.0
5.31
2.99
0.0
0.0
0.0
0.0
0.0
3.19
4.91
2.94
1.97
2.72
0.0
0.0
0.0
0.0
0.0
3.15
2.93
0.0
2.32
0.0
3.59
3.31
2.51
3.18
0.0
3.47
0.0
3.9
2.43
3.24
0.0
3.8
2.54
3.74
3.03
2.44
2.89
0.0
3.5
3.83
3.01
3.66
1.98
1.59
2.0
2.91
0.0
2.61
0.0
0.0
0.0
2.37
0.0
2.96
3.16
2.81
0.0
3.22
3.49
0.0
3.02
3.76
3.13
2.88
3.79
3.86
2.84
0.0
0.0
0.0
0.0
0.0
1.73
0.0
0.0
3.79
1.79
0.0
1.84
2.58
3.49
6.11
2.78
2.98
0.0
0.0
2.5
2.57
4.71
4.07
0.0
0.0
5.54
2.84
0.0
0.0
0.0
3.25
2.62
3.44
0.0
0.0
1.92
0.0
0.0
0.0
0.0
2.69
2.51
3.07
0.0
0.0
1.99
0.0
2.76
3.93
3.15
0.0
5.45
4.33
2.74
3.21
1.67
3.82
2.79
2.81
0.0
0.0
0.0
0.0
2.81
2.97
4.23
2.72
4.94
0.0
3.0
0.0
0.0
5.38
2.75
3.53
0.0
0.0
2.43
0.0
0.0
1.67
0.0
0.0
0.0
0.0
0.0
0.0
3.08
0.0
2.74
6.4
2.77
1.89
0.0
2.92
3.38
2.74
2.7
1.87
0.0
3.92
2.94
2.55
6.32
0.0
2.82
3.25
2.93
0.0
0.0
0.0
0.0
0.0
0.0
2.59
6.11
0.0
3.2
1.71
3.3
2.97
1.87
3.12
0.0
3.1
2.97
2.52
2.77
2.96
2.45
4.69
3.44
0.0
4.8
2.69
0.0
0.0
0.0
0.0
3.04
0.0
9.29
6.46
2.76
2.59
0.0
2.61
0.0
6.7
4.22
2.5
0.0
0.0
1.94
0.0
0.0
0.0
0.0
3.27
2.85
0.0
2.78
2.62
4.65
3.97
0.0
0.0
4.11
0.0
2.68
3.31
2.13
3.24
3.4
0.0
3.0
8.0
0.0
2.68
3.56
0.0
2.96
0.0
0.0
2.71
3.36
5.08
2.95
0.0
0.0
4.88
