11.2
8.6
8.6
7.4
7.25
9.25
7.0
7.75
5.5
8.5
6.4
6.83
8.0
5.0
5.11
7.0
8.4
6.2
6.0
5.67
5.78
5.0
4.5
5.33
6.0
5.78
5.4
6.5
5.0
5.0
5.4
8.0
6.4
5.33
5.8
4.67
6.71
5.5
8.0
5.2
5.4
5.2
5.0
6.38
5.4
6.14
6.0
5.5
5.0
4.5
5.5
8.0
4.88
4.71
6.25
5.0
5.2
5.0
8.5
6.2
4.86
5.67
5.0
5.0
6.67
4.25
3.6
4.2
3.33
7.5
6.0
7.29
8.4
3.6
6.86
3.83
2.83
5.29
5.67
6.0
8.8
5.8
7.0
6.71
4.17
6.14
7.86
3.2
7.71
5.14
5.71
5.0
5.29
5.5
5.25
5.4
4.86
5.14
5.0
5.0
5.14
4.75
4.83
5.5
5.2
5.5
5.0
5.18
7.0
5.33
6.0
1.83
8.0
6.33
5.25
6.29
6.2
8.17
5.2
6.2
6.0
4.14
7.25
4.0
5.22
3.4
3.0
4.67
6.67
5.17
7.75
6.0
4.43
7.83
7.0
5.33
6.86
5.57
5.17
6.17
5.25
4.88
5.2
5.0
4.75
3.29
4.8
6.0
7.8
3.17
4.43
7.17
4.5
5.5
7.0
5.71
8.8
6.78
5.8
5.83
5.0
5.8
6.0
5.6
6.2
4.83
5.4
6.29
5.29
4.88
4.83
4.83
5.38
5.4
6.2
4.86
4.67
5.0
5.33
5.17
5.17
5.5
5.0
7.0
5.17
8.0
6.25
7.14
5.4
7.33
6.71
6.0
5.33
6.0
4.83
5.17
5.0
5.83
7.2
6.0
5.0
5.33
7.25
5.29
5.5
5.83
6.83
4.25
5.83
3.6
3.0
5.57
3.0
4.83
5.0
2.17
2.4
8.75
4.0
5.5
6.17
3.8
4.56
7.5
5.0
6.6
6.83
7.33
4.0
5.57
5.88
2.57
1.56
4.5
5.83
4.43
4.67
6.4
4.0
3.14
4.5
4.2
5.83
6.0
8.0
2.25
5.62
5.4
6.33
6.5
6.83
1.86
4.43
5.22
5.43
6.86
4.25
2.29
6.5
5.6
5.0
5.5
6.57
5.57
3.89
6.75
2.75
6.29
9.0
3.17
4.0
6.83
7.71
7.75
5.62
4.0
6.0
6.0
4.86
3.0
4.0
6.0
6.0
7.0
5.8
4.86
2.2
4.0
7.25
5.33
3.83
2.0
4.38
6.0
4.75
1.86
2.4
3.8
5.86
2.33
5.4
4.29
4.8
5.4
4.57
4.5
7.78
6.67
5.17
7.43
5.33
4.0
5.5
6.2
6.71
5.67
5.67
5.0
5.5
5.2
4.83
5.67
6.75
6.0
6.0
6.0
5.25
6.0
5.6
5.6
5.0
4.4
8.5
7.4
9.5
7.67
5.5
6.67
5.86
5.2
5.29
6.0
1.67
5.25
5.0
5.67
7.2
7.6
8.4
3.0
2.2
2.5
5.57
7.83
1.8
5.0
2.6
5.67
4.43
1.83
3.8
3.17
5.0
8.0
2.14
4.0
3.33
8.8
6.38
6.0
3.8
1.71
5.2
4.29
2.0
5.5
4.67
3.67
2.4
4.4
5.25
8.67
7.8
3.8
5.33
3.88
4.83
8.25
6.33
4.57
6.25
6.33
2.33
2.75
7.5
5.33
4.6
2.6
5.2
8.57
3.67
8.4
6.0
6.17
4.57
5.0
4.0
6.0
4.43
4.0
4.5
5.8
3.43
2.88
4.67
5.57
2.14
2.0
6.43
6.17
5.25
6.14
5.86
6.0
4.5
6.14
4.4
2.2
6.17
8.0
4.5
4.57
2.8
5.17
7.6
1.86
3.83
2.0
5.6
7.0
4.75
6.4
3.33
5.6
6.43
6.0
3.33
1.88
4.75
6.2
7.0
5.0
4.86
5.0
5.2
1.83
3.88
3.5
8.8
3.8
5.33
5.2
5.0
2.5
4.0
8.2
2.88
6.0
3.8
2.0
4.0
5.67
3.6
5.8
3.11
5.5
3.33
3.83
2.4
6.67
3.88
2.8
7.5
3.6
7.75
2.0
3.6
5.0
5.4
2.4
3.83
5.4
4.17
6.6
5.78
2.17
4.25
3.8
7.75
6.17
7.0
6.67
5.75
6.2
7.17
5.67
5.25
4.67
5.14
4.67
5.5
4.8
5.5
5.4
6.14
5.5
5.83
6.5
5.14
2.33
3.8
7.0
3.33
4.5
4.83
4.83
4.29
5.71
7.75
2.4
5.5
7.0
6.75
4.25
2.75
3.33
2.5
4.0
3.12
3.14
7.2
3.0
6.6
5.33
4.67
2.75
4.2
7.0
3.6
5.25
6.17
3.62
7.75
3.0
2.5
7.43
2.33
2.17
2.75
4.4
5.0
3.5
6.5
4.83
7.0
6.0
8.75
3.14
6.33
4.75
2.6
3.83
7.5
2.4
2.17
6.86
5.25
6.0
5.0
4.29
3.29
5.5
5.33
4.88
5.62
3.0
2.6
6.6
2.0
5.0
5.0
2.6
5.8
2.33
4.0
4.14
5.17
5.25
4.71
7.25
4.75
2.14
9.14
3.89
4.14
5.83
5.0
3.8
4.38
3.8
3.25
6.0
6.44
2.4
2.2
4.75
2.43
2.0
4.8
6.0
8.0
3.67
5.6
5.5
3.8
3.67
2.0
2.2
3.6
2.0
3.0
2.6
4.43
6.33
3.43
4.0
2.2
4.0
2.75
2.75
2.5
3.8
1.86
5.4
5.71
1.88
7.4
9.75
5.4
2.33
4.2
7.2
4.17
6.25
3.6
5.25
6.83
3.8
5.83
5.0
5.0
2.5
2.75
4.4
4.6
2.4
2.86
3.5
4.75
3.78
4.0
3.5
7.0
7.67
4.0
7.0
5.0
4.25
7.6
4.0
6.0
7.14
5.33
6.0
5.14
6.0
5.8
5.11
6.75
5.25
5.33
6.0
5.14
5.0
2.33
2.14
7.0
4.43
4.0
3.29
2.0
5.12
8.6
2.4
5.75
6.5
3.5
2.5
7.75
7.0
1.86
2.0
5.5
6.4
5.71
6.8
3.43
5.6
2.6
3.33
4.8
7.0
4.22
9.0
3.8
7.5
4.5
6.0
6.14
2.6
7.0
6.17
6.67
6.5
2.33
5.8
4.2
5.75
4.57
2.0
5.25
4.57
7.75
4.2
5.57
2.8
7.8
3.43
6.33
4.5
2.33
7.5
5.0
6.67
4.43
5.5
5.8
7.0
6.57
2.56
3.33
6.22
4.8
4.75
5.71
3.5
2.17
6.5
6.6
4.29
1.86
5.0
4.14
6.17
7.0
4.14
2.14
1.75
6.33
5.14
6.0
4.0
5.25
6.33
5.25
3.67
5.62
2.0
6.5
5.57
3.0
3.8
6.2
6.2
6.0
6.0
6.6
4.5
6.33
5.0
4.75
4.75
7.4
2.0
5.33
6.67
3.5
5.14
3.29
6.0
3.33
4.4
5.8
6.17
6.67
2.4
6.0
5.0
1.78
3.29
4.57
6.0
3.33
3.67
2.67
6.83
2.6
3.0
8.8
1.78
5.86
5.25
5.0
5.25
3.67
2.17
1.78
4.14
3.29
5.6
5.33
3.0
4.17
2.75
6.17
5.8
5.0
3.44
3.67
5.5
6.6
5.25
2.17
2.0
2.2
5.67
4.75
2.17
4.86
6.4
8.43
2.17
1.75
6.4
7.0
4.0
4.6
2.6
3.5
4.0
3.71
2.17
4.71
5.57
2.6
2.33
4.0
9.5
6.4
2.2
2.75
3.0
2.0
4.75
2.4
4.25
2.4
2.14
3.8
8.2
2.0
6.75
5.6
5.8
4.75
3.0
3.8
3.33
4.14
4.8
4.75
5.6
4.67
8.5
5.0
6.33
5.86
6.33
5.14
6.5
5.33
3.25
4.5
4.33
2.14
2.4
5.8
2.33
5.25
2.4
4.4
2.6
2.14
5.0
2.33
4.0
2.86
6.33
6.0
2.75
3.6
2.4
5.5
5.43
4.0
2.2
7.0
4.62
4.0
2.33
3.5
2.0
9.14
5.0
5.0
8.33
2.5
3.6
3.0
5.71
6.0
5.5
4.0
2.4
5.17
5.86
3.33
2.14
3.8
5.0
2.62
2.0
3.57
3.83
3.29
6.8
3.0
4.0
2.17
2.33
4.43
2.0
5.0
3.0
6.5
2.2
8.71
5.0
2.14
2.33
5.57
7.25
5.67
3.5
5.67
3.0
6.4
4.75
4.0
7.0
4.75
3.12
2.33
2.2
2.14
5.6
3.29
6.67
4.56
4.2
