8.05
7.31
3.33
4.16
6.96
3.11
4.0
3.59
4.05
4.75
3.86
4.6
4.96
4.39
5.96
4.55
4.33
5.19
3.38
4.81
4.52
3.28
4.41
3.53
3.65
7.81
6.38
4.53
4.35
4.65
3.0
4.24
3.89
4.56
3.36
4.33
3.65
3.0
3.8
4.0
3.65
3.88
3.2
4.29
3.95
4.61
3.64
4.61
4.55
4.05
4.17
4.77
4.74
3.15
4.18
3.57
3.35
3.69
3.71
4.11
4.16
2.88
3.44
3.28
3.27
3.59
3.71
3.48
3.4
4.8
3.45
3.47
2.6
3.7
4.61
3.65
4.33
3.96
3.36
5.22
4.43
3.0
3.86
2.88
4.65
5.08
4.79
3.45
4.61
3.32
2.0
3.71
4.6
4.21
4.75
3.13
2.77
4.55
3.58
4.27
3.17
3.65
4.78
3.45
4.28
4.33
2.83
3.95
4.18
4.87
4.29
3.7
4.1
4.65
4.32
2.79
3.47
3.86
2.82
3.22
3.95
3.67
4.87
3.32
2.61
4.35
4.0
4.42
4.5
3.62
3.63
4.35
3.5
5.28
3.71
4.59
3.0
3.56
3.58
4.68
3.71
2.78
3.12
4.11
4.75
3.4
2.95
2.8
3.48
3.32
3.48
3.06
3.12
2.91
3.72
5.93
3.7
2.22
2.81
2.11
3.84
3.71
4.14
4.35
4.24
3.5
3.48
2.55
3.8
2.72
3.7
4.18
4.61
2.45
4.21
3.96
3.81
4.0
4.57
5.17
3.2
4.14
4.0
3.53
6.12
3.74
4.81
2.96
3.5
3.94
2.94
3.5
4.62
3.79
5.1
4.76
3.63
3.29
3.11
4.21
3.84
4.22
3.48
3.33
2.3
4.56
4.21
4.1
4.24
3.14
4.12
4.85
2.94
3.3
3.0
4.0
3.48
3.62
4.3
3.52
3.67
3.35
3.71
5.42
3.68
4.68
3.75
4.25
4.22
3.78
4.12
3.53
3.38
3.77
5.17
4.92
3.41
3.9
3.68
3.32
3.32
5.52
3.05
3.9
4.36
2.65
3.88
3.33
2.45
4.89
4.14
4.0
3.94
3.35
3.62
3.96
2.72
3.81
3.48
6.76
3.0
5.73
3.24
4.04
3.85
3.64
3.59
3.04
3.37
4.29
4.29
4.54
3.56
3.39
5.25
3.74
3.81
4.21
3.0
4.18
3.65
3.25
2.47
3.0
4.26
4.15
3.48
3.92
3.26
3.52
3.87
3.65
4.32
4.0
4.8
3.94
4.29
2.79
4.76
3.74
3.33
2.78
4.24
4.06
4.44
3.88
2.95
2.71
3.82
3.8
4.95
5.32
3.26
3.53
4.18
3.65
3.33
2.88
4.5
4.3
3.58
3.94
6.52
3.31
3.62
3.28
3.84
4.0
4.32
4.1
4.5
3.67
4.76
3.78
3.95
3.71
3.14
4.1
4.52
4.17
4.64
2.91
3.78
4.29
3.17
3.67
3.78
3.68
4.47
5.0
4.07
4.55
3.42
2.75
3.56
3.44
3.48
2.61
4.0
3.35
3.14
4.36
4.29
3.96
2.26
3.11
4.0
4.1
4.27
3.39
2.78
3.78
3.05
2.73
2.82
2.95
3.0
2.83
3.15
3.59
2.82
4.09
3.62
3.48
3.7
4.31
3.94
3.18
4.17
3.48
4.09
4.39
3.05
3.69
2.74
3.6
3.64
3.05
3.14
4.05
2.82
4.55
3.4
3.86
3.75
3.78
2.93
4.42
2.96
3.59
2.95
4.17
2.64
3.78
3.09
2.48
3.24
3.0
3.0
3.72
3.4
3.73
2.62
3.63
3.86
3.94
4.3
2.79
3.61
3.56
3.37
3.2
2.63
4.24
4.36
4.05
3.61
3.76
4.64
4.56
3.5
3.41
3.09
3.5
3.0
3.47
5.67
3.75
2.44
2.95
3.87
3.56
3.35
2.71
4.21
4.17
5.0
4.61
4.14
3.83
4.25
2.68
4.31
2.33
3.33
4.37
3.68
3.37
3.77
3.18
4.3
4.0
2.71
4.73
3.5
3.76
3.47
3.6
3.42
3.36
3.37
3.15
4.06
3.0
3.29
4.05
3.52
3.41
3.57
2.79
3.52
3.33
2.9
3.7
3.63
4.57
3.56
3.14
3.16
3.05
3.26
3.89
4.62
4.92
4.32
4.16
3.79
3.13
3.63
3.74
4.21
3.33
3.57
4.12
2.5
3.5
2.62
4.28
3.72
3.5
3.47
5.22
2.8
4.05
3.33
4.3
2.73
4.5
3.39
2.76
4.67
4.54
3.45
2.68
5.43
4.67
2.75
3.09
2.88
3.05
4.7
3.0
4.21
2.96
4.25
3.35
3.71
4.06
2.58
2.88
3.7
5.9
2.6
4.19
4.28
4.08
3.1
3.56
1.81
2.75
3.47
4.09
3.25
3.21
2.78
4.72
2.91
4.5
4.6
4.18
2.78
4.13
3.38
3.42
2.39
3.2
3.4
3.56
3.21
2.81
2.6
3.28
3.3
3.29
4.38
3.33
3.55
5.0
4.62
4.15
4.44
4.89
4.27
3.59
3.24
2.94
3.62
3.7
2.62
2.87
3.43
3.04
4.08
3.94
4.19
3.81
3.17
2.42
2.69
3.86
4.2
3.06
4.36
3.52
3.18
2.47
2.87
3.89
3.22
3.1
3.75
3.76
3.33
2.39
3.33
3.88
4.59
2.9
2.84
2.75
3.1
3.05
3.12
3.28
3.89
3.52
3.75
6.81
2.91
2.86
4.5
3.39
2.68
4.41
2.42
2.96
2.94
3.52
3.22
2.92
3.37
3.5
2.35
2.95
3.42
3.76
3.71
3.38
2.72
2.71
3.21
2.92
3.11
3.77
3.64
3.52
4.18
4.3
5.25
4.75
4.18
3.5
3.72
4.31
3.26
3.06
3.92
2.59
3.1
4.42
3.41
3.04
2.56
3.42
2.61
4.43
2.26
6.6
3.67
3.59
5.14
5.29
3.72
2.7
3.22
2.06
3.15
3.64
2.65
3.89
3.0
4.35
4.11
3.26
3.64
3.71
3.58
2.72
2.5
4.07
2.29
2.39
2.65
5.24
4.09
4.75
3.96
2.5
3.26
2.7
4.64
4.5
3.18
3.32
3.14
3.71
3.1
3.22
3.05
5.15
3.22
3.83
3.75
4.22
3.16
3.22
3.59
3.46
3.57
2.61
3.22
4.65
3.59
3.8
3.92
2.81
3.22
3.0
3.17
4.13
3.15
4.33
4.0
3.58
4.21
5.0
3.05
4.87
2.73
3.6
3.56
4.58
3.0
3.36
3.11
5.41
3.41
3.06
3.56
3.67
3.26
3.88
3.88
2.55
3.8
5.54
3.89
4.35
6.0
6.23
4.26
3.19
3.33
2.27
2.75
2.74
3.88
2.88
3.65
2.8
3.72
3.48
2.88
4.55
4.05
4.73
3.9
2.74
4.24
2.32
3.04
2.95
3.39
3.29
3.65
3.11
4.21
2.88
2.87
3.41
2.33
3.8
4.47
3.5
3.35
5.12
2.89
2.7
3.31
3.3
3.27
3.18
3.59
3.45
3.7
2.95
2.53
3.29
4.24
2.78
3.67
3.17
4.72
4.1
5.45
5.84
4.85
2.94
3.77
3.61
2.29
5.0
6.96
3.08
4.62
4.27
3.41
2.47
6.14
3.9
3.26
4.31
3.91
2.61
3.0
6.33
3.12
3.83
3.24
4.86
4.68
2.5
6.53
4.52
4.64
4.42
3.4
2.89
4.05
3.88
2.42
2.5
4.06
4.0
3.39
3.5
3.0
4.16
3.32
4.0
3.36
3.84
3.32
3.95
2.7
2.89
3.58
3.9
4.15
3.85
3.61
3.41
2.74
3.25
4.82
2.45
6.19
3.42
3.09
3.89
3.2
3.53
2.76
2.78
3.17
3.05
3.78
4.06
2.88
4.1
2.72
3.62
2.88
3.58
2.87
2.95
4.43
4.52
4.06
3.47
6.91
2.68
3.28
3.44
3.32
3.35
3.05
4.04
2.26
3.17
3.72
2.81
3.71
3.92
2.87
3.33
4.41
2.83
2.74
3.5
4.46
4.81
4.81
4.6
3.92
3.96
3.65
3.54
2.59
2.7
3.0
3.88
3.68
2.74
2.88
3.33
3.6
3.28
4.39
4.41
2.94
3.14
3.61
2.37
4.29
4.7
3.68
2.9
3.1
3.0
3.28
2.72
3.11
3.06
4.09
2.76
4.36
2.06
3.62
2.94
3.71
2.95
4.25
2.71
3.29
3.18
3.21
3.0
2.56
3.65
4.42
3.75
3.29
3.58
2.82
3.38
6.75
3.22
3.12
2.94
