10.0
7.8
8.14
6.5
10.44
6.29
7.0
5.43
6.5
4.86
5.62
6.67
5.14
6.12
5.0
6.6
5.25
5.25
11.5
5.83
8.71
5.38
8.7
6.86
5.43
5.17
5.12
5.07
5.71
7.44
4.82
5.75
7.71
5.83
5.5
6.25
5.33
5.14
5.43
5.36
5.55
7.8
5.22
5.43
10.67
5.17
4.73
5.0
5.2
5.15
15.8
5.75
7.57
5.71
4.9
6.14
4.86
6.0
7.5
5.17
7.17
5.43
6.0
6.62
5.67
9.2
5.83
8.5
6.33
5.29
5.67
6.62
6.22
5.8
5.29
6.2
7.86
6.0
6.14
5.14
5.43
5.75
6.88
7.0
5.6
5.44
5.67
5.89
5.12
5.0
5.17
6.17
5.14
4.62
5.2
5.0
5.12
5.0
5.33
6.17
5.5
5.8
5.5
5.6
4.86
5.86
6.0
5.0
5.62
5.33
4.75
5.57
4.86
5.29
5.71
5.6
5.86
5.25
5.67
5.12
5.5
5.0
4.76
5.14
7.25
6.0
5.0
4.78
6.0
5.0
7.0
8.25
5.33
6.57
4.75
5.8
5.29
6.17
6.0
5.83
5.0
5.17
6.67
4.91
6.67
7.5
5.5
6.4
4.67
4.88
4.88
5.1
6.0
4.67
5.75
5.0
5.29
5.29
5.75
5.14
5.71
6.14
5.33
4.78
6.67
5.55
5.67
6.75
7.0
5.5
9.3
5.0
5.0
5.0
5.29
6.25
7.17
5.0
4.88
8.71
5.38
5.57
5.22
5.33
5.57
5.14
6.17
5.5
5.83
5.69
5.85
4.71
7.0
6.6
6.0
6.0
5.43
6.0
6.17
8.2
12.0
5.25
5.0
5.0
7.71
5.71
5.17
8.29
10.86
6.09
5.71
5.25
6.0
5.14
5.0
5.19
5.86
5.33
5.29
5.43
5.64
5.0
5.29
5.6
5.5
5.25
5.5
5.5
5.2
5.8
5.12
5.38
5.14
5.38
7.71
5.57
5.12
6.0
5.43
5.29
5.17
5.43
5.0
5.5
10.75
6.6
4.71
5.0
5.0
5.5
5.0
7.83
5.17
5.83
5.14
5.0
6.0
6.5
6.33
5.83
6.67
5.11
5.12
4.88
6.0
5.17
4.67
6.22
4.83
6.0
6.0
6.0
5.67
6.22
6.0
10.0
4.6
5.43
5.5
5.17
5.43
5.83
5.14
5.43
5.14
5.17
5.86
5.0
5.6
4.91
10.0
6.14
5.0
5.71
5.5
5.71
5.08
5.67
6.09
6.0
5.38
8.0
5.57
7.17
6.5
5.12
5.29
5.83
6.33
5.86
5.62
5.55
5.0
6.25
5.67
5.5
5.38
5.67
5.0
5.14
4.62
5.73
5.5
5.36
6.25
5.0
4.88
5.43
4.88
5.2
5.83
5.83
5.22
5.5
6.0
5.86
5.2
5.07
6.17
5.44
5.0
5.0
4.89
6.67
5.38
5.2
6.17
5.25
5.29
5.33
5.43
5.12
5.2
4.86
5.71
6.5
7.17
5.5
5.43
5.78
6.17
6.12
6.17
5.67
5.57
5.11
4.88
5.75
5.0
6.0
6.29
6.17
5.88
6.17
5.45
4.94
5.15
5.67
6.12
5.0
5.2
5.8
5.5
5.55
5.38
6.17
5.14
5.86
5.22
6.12
4.86
6.67
5.67
6.14
5.4
5.33
6.83
7.12
5.5
7.75
4.86
5.38
5.12
5.0
5.2
5.43
5.83
6.0
9.9
5.88
5.5
6.25
4.8
6.5
5.0
9.86
4.86
5.0
5.12
5.71
5.38
5.43
5.0
5.5
4.62
4.67
5.86
6.0
5.43
5.86
5.0
5.14
5.43
5.2
4.8
5.0
7.83
4.75
5.33
6.2
5.88
7.14
5.29
5.25
5.56
4.8
5.0
5.75
5.5
7.0
5.5
5.08
5.83
9.83
6.0
7.75
5.8
5.33
5.0
5.33
4.83
5.25
5.83
7.29
5.38
5.5
4.62
5.6
7.0
5.38
8.75
5.71
6.5
9.6
5.1
6.29
6.1
8.83
6.6
6.62
6.29
12.0
7.14
7.29
5.25
5.67
6.12
5.79
5.75
5.5
5.86
5.62
5.43
5.33
5.5
6.0
4.78
5.73
6.25
6.43
4.86
4.92
5.12
5.64
6.33
5.0
5.29
8.3
6.5
5.75
6.5
6.33
5.33
6.12
5.17
5.88
5.25
6.0
5.4
5.5
6.0
4.86
6.62
5.71
4.86
5.58
5.89
5.62
6.67
5.0
5.5
5.55
5.71
4.83
5.0
5.5
9.6
5.0
5.57
5.5
5.1
6.14
5.0
5.38
6.0
6.33
5.2
5.6
6.83
5.0
5.12
5.14
5.62
5.8
5.75
5.0
7.25
5.71
5.44
5.38
5.44
5.44
6.0
5.0
5.12
5.18
7.0
4.83
6.5
5.38
5.5
6.17
5.67
5.25
5.45
5.43
5.33
5.67
5.0
5.4
7.25
5.38
5.33
5.2
7.9
4.86
7.67
5.14
6.0
5.33
6.12
5.0
5.67
5.57
5.83
5.25
5.25
7.67
5.3
5.33
5.5
5.0
9.71
6.0
5.0
5.14
5.6
5.57
5.17
5.57
7.38
5.0
5.75
5.67
6.4
9.67
5.67
5.38
5.0
6.83
6.83
6.44
5.0
6.33
5.83
4.78
6.3
5.91
5.43
6.0
5.12
5.38
5.88
5.62
5.5
6.0
10.0
7.8
9.83
5.33
5.67
5.71
5.0
5.08
4.89
5.57
5.38
5.67
5.17
5.88
6.25
5.33
5.0
5.78
5.71
8.33
5.62
6.12
7.0
5.5
5.88
5.33
5.2
4.92
5.75
6.25
5.5
8.5
5.43
5.5
5.2
5.38
6.0
5.4
5.42
5.14
6.17
5.35
5.25
5.4
6.25
5.25
5.5
5.2
5.75
5.33
5.33
4.89
7.0
5.11
5.2
5.62
5.29
5.71
5.5
4.92
5.0
5.75
5.43
5.5
6.0
6.0
6.17
5.5
4.83
5.89
5.0
6.57
4.86
4.67
6.14
5.75
5.71
5.17
4.67
5.33
4.86
5.67
5.44
5.0
5.29
5.44
4.88
5.17
5.0
5.43
5.17
7.0
5.29
6.83
6.43
6.83
5.43
5.38
6.0
5.43
5.5
5.75
4.9
5.5
6.0
6.17
4.78
5.25
5.0
5.18
5.83
5.5
6.25
4.75
6.29
5.43
5.5
4.88
5.44
5.5
7.0
5.83
5.2
5.75
6.3
5.67
5.4
6.0
5.12
4.75
5.5
6.4
5.38
5.67
4.86
5.57
5.33
5.83
5.86
6.0
5.75
5.67
5.83
5.6
5.43
5.17
5.5
5.83
5.29
7.25
7.5
5.5
9.38
5.71
5.0
6.0
6.67
6.17
6.29
5.71
6.5
4.88
5.0
5.12
6.0
5.88
5.12
6.0
5.62
5.1
5.25
5.5
6.29
5.75
6.83
5.0
6.14
5.67
5.4
6.11
5.83
5.33
4.67
4.78
5.12
7.25
5.25
5.5
5.0
5.83
6.62
5.5
5.75
6.12
5.62
6.33
5.86
5.0
4.86
5.29
5.62
5.71
6.17
5.44
4.88
5.83
8.7
5.18
5.67
4.89
6.0
5.83
5.33
5.36
5.33
6.17
4.78
5.45
5.2
5.12
4.75
5.0
5.62
5.67
6.43
5.67
5.62
6.4
5.83
5.0
4.67
5.33
5.33
5.5
4.86
5.14
5.14
6.17
5.2
5.25
5.62
6.67
5.62
5.17
5.29
5.33
4.86
5.71
8.25
6.33
8.3
5.29
10.17
6.0
5.3
6.0
5.0
10.0
5.38
5.75
5.29
5.14
5.25
5.29
5.5
5.14
5.25
6.5
5.57
5.25
6.5
10.0
7.0
5.38
5.5
5.33
6.29
6.6
5.67
5.0
5.25
6.0
6.17
5.12
5.83
6.86
5.4
9.83
5.33
5.0
5.33
5.67
5.5
5.9
5.57
5.12
5.86
5.44
5.29
5.71
5.0
4.83
9.29
5.67
5.25
5.0
4.87
5.88
5.43
6.0
5.6
5.14
6.5
5.22
5.29
5.62
5.67
5.12
5.5
5.88
5.43
5.5
5.86
5.2
5.62
5.88
6.71
5.86
6.67
7.12
5.57
7.25
6.25
6.6
6.0
5.86
5.56
5.14
5.18
5.75
5.38
4.88
6.5
5.62
4.88
5.25
6.11
6.0
5.43
5.12
6.25
4.83
5.09
5.38
5.56
5.5
6.17
5.25
5.4
7.5
5.07
5.33
6.5
5.86
