11.2
8.0
9.0
6.29
7.57
6.67
8.2
8.5
7.67
6.62
5.5
7.0
8.67
5.88
6.57
6.5
8.17
4.91
8.17
5.43
6.29
4.83
6.83
6.0
7.0
6.0
7.8
4.8
4.83
5.0
5.75
7.17
6.86
7.4
5.57
5.67
4.83
6.4
5.0
5.33
5.0
4.67
6.29
5.71
5.33
5.5
5.14
5.29
6.2
5.0
4.57
6.33
7.29
4.83
5.33
4.71
4.83
5.5
5.0
6.0
5.57
5.6
5.14
5.0
6.0
5.0
5.4
5.17
7.25
6.17
6.75
5.75
5.83
5.71
5.57
4.86
6.12
5.12
4.88
5.6
5.2
5.33
4.88
5.33
5.38
5.14
5.17
5.14
5.2
5.86
6.5
5.5
6.57
5.56
5.2
5.67
5.29
5.25
4.57
6.6
3.8
8.6
5.0
5.6
6.5
6.17
7.0
6.86
7.25
6.17
6.25
5.0
5.0
6.75
6.2
5.67
5.8
6.0
5.33
5.8
5.88
5.0
6.0
5.5
6.2
6.0
5.33
5.38
5.5
5.5
5.75
5.5
5.6
4.8
5.4
5.17
5.29
4.86
4.75
5.67
4.83
5.8
3.75
8.57
6.6
4.67
3.0
4.67
4.22
7.57
8.0
5.0
6.8
5.2
5.0
5.6
4.0
10.0
4.57
7.29
4.88
6.5
5.88
4.89
5.2
5.33
5.57
2.67
4.88
5.0
8.5
8.75
7.14
3.86
4.75
6.0
5.0
8.5
8.25
6.33
3.29
4.67
5.86
5.2
5.0
4.89
5.57
5.17
6.5
7.25
5.83
6.0
5.8
6.0
5.2
5.17
6.14
5.17
6.25
5.6
5.8
5.5
5.38
5.25
5.71
5.44
5.86
7.0
4.83
6.0
6.0
5.5
6.5
4.89
5.75
5.43
6.0
5.89
5.0
7.67
6.5
5.2
5.6
5.43
5.75
5.83
6.2
5.33
5.71
6.0
4.17
6.0
6.0
5.33
8.5
6.88
5.0
4.8
4.86
6.6
3.33
3.67
4.57
4.0
6.86
5.6
5.0
4.83
3.67
8.33
6.4
8.4
6.14
7.17
6.0
5.0
5.75
4.75
5.29
5.17
4.43
5.8
6.33
4.88
5.25
5.5
5.33
6.0
6.75
5.71
5.5
5.2
6.2
6.0
4.9
4.43
5.14
4.71
2.86
8.17
5.2
3.17
5.5
3.67
6.25
4.75
5.8
4.29
4.14
3.67
5.5
7.8
8.25
7.5
5.25
5.0
5.62
3.67
7.5
7.88
4.29
3.5
5.8
5.83
6.0
5.33
5.12
5.4
5.83
7.5
5.0
5.33
5.6
5.75
5.75
6.5
5.5
6.0
5.83
5.5
6.4
6.57
5.14
6.4
4.86
4.0
4.75
4.57
7.0
5.6
6.29
5.75
5.0
5.6
5.29
5.33
5.5
5.6
5.0
6.83
5.33
5.0
5.0
5.33
5.2
5.0
5.8
6.14
8.75
4.33
6.1
7.8
4.75
3.67
3.43
4.71
4.57
7.6
5.2
7.0
4.43
5.4
5.33
3.75
5.2
6.0
4.71
6.25
6.0
4.71
4.8
4.5
4.29
4.25
4.5
4.5
5.4
4.0
3.8
4.5
5.25
5.67
6.17
5.0
6.0
6.0
6.5
4.0
7.2
3.5
6.17
7.0
3.88
9.25
2.71
6.5
5.43
7.6
6.4
6.75
7.0
4.43
7.25
7.33
5.4
5.17
5.5
4.71
5.0
7.75
4.71
6.14
5.6
7.0
6.0
5.0
5.0
5.8
7.2
5.5
7.33
5.0
5.12
6.6
5.4
5.0
7.5
4.86
6.5
4.75
6.0
5.75
3.17
5.7
5.14
6.75
8.0
5.5
6.38
5.64
5.67
5.0
5.33
5.5
5.44
6.17
5.62
4.83
8.25
4.0
5.71
4.83
6.0
1.75
8.2
5.29
4.0
7.33
4.71
3.44
4.86
6.0
7.0
4.4
7.0
7.11
8.0
5.5
6.8
5.2
6.0
5.57
6.86
5.17
5.0
6.14
5.5
5.57
7.0
4.78
6.14
5.25
6.0
5.29
5.33
5.25
5.0
6.0
7.33
3.12
6.4
4.11
4.0
5.6
7.0
5.44
5.67
3.67
6.0
5.17
3.14
8.33
7.4
5.56
4.2
2.67
4.75
3.33
5.0
4.57
5.57
5.0
8.0
4.83
3.29
5.8
6.25
5.75
5.17
6.6
5.6
7.29
4.5
8.2
3.5
6.29
3.56
4.83
6.2
3.5
6.86
7.17
6.0
3.14
6.83
4.29
4.2
6.25
5.83
3.33
6.75
3.14
7.29
5.83
3.88
4.2
3.33
7.14
3.71
5.5
5.86
6.2
5.0
6.5
4.67
6.0
4.75
4.29
6.88
3.17
3.6
6.4
4.71
3.88
5.25
6.0
2.88
9.0
5.25
5.0
6.0
8.5
6.0
5.14
3.0
4.25
6.0
4.2
5.0
5.8
5.57
5.17
6.14
5.4
5.33
3.43
4.2
6.4
5.29
4.78
7.0
4.22
4.83
5.33
4.29
4.17
7.4
4.17
4.4
7.25
4.83
5.0
3.75
6.75
5.56
4.44
4.5
4.67
5.0
3.14
5.17
5.6
5.17
5.4
6.75
3.17
4.5
5.0
5.0
4.4
5.0
7.8
3.83
3.5
5.8
3.67
4.83
2.4
4.5
4.4
4.43
5.14
4.4
4.83
5.12
3.67
4.8
5.18
4.71
4.57
6.0
5.56
4.83
4.43
2.86
4.2
4.75
6.33
6.75
3.5
4.5
2.67
6.29
5.2
7.75
4.5
6.67
9.0
5.0
4.43
4.57
4.29
4.75
5.62
3.78
5.44
6.0
5.0
5.17
5.25
9.33
3.0
6.5
6.2
6.0
7.33
3.83
3.88
2.86
6.5
3.33
8.67
3.4
3.8
3.14
4.67
4.75
3.33
4.33
4.5
7.6
7.33
6.0
2.75
3.33
4.0
4.67
5.4
4.2
4.83
7.8
4.5
7.0
5.25
4.4
6.4
7.5
8.8
6.5
4.22
5.25
5.5
4.67
5.67
4.78
6.75
5.56
5.17
5.25
5.5
3.0
4.57
5.8
4.67
2.33
4.29
6.83
6.0
6.0
5.4
6.2
5.29
3.5
4.83
5.67
5.0
7.71
5.38
2.75
5.0
5.17
6.5
5.33
5.25
4.71
4.5
5.83
4.0
5.5
7.14
3.14
4.14
6.33
4.2
4.29
8.0
5.5
4.67
4.0
3.8
5.5
5.0
5.43
3.67
4.6
6.86
4.17
3.43
3.14
3.8
4.17
6.5
6.83
3.43
6.2
5.33
5.0
5.17
6.25
5.8
3.43
3.5
6.0
4.5
4.43
2.0
3.12
7.5
5.4
4.0
5.17
5.6
4.0
7.14
5.6
7.0
4.6
3.14
5.11
4.43
4.14
3.5
5.4
7.25
4.29
3.83
5.86
2.0
6.33
4.5
3.33
3.8
9.6
5.0
4.75
4.5
6.14
9.8
4.57
3.25
5.5
4.5
4.5
3.17
5.0
4.6
4.5
4.75
4.5
4.43
4.75
3.56
1.86
3.5
3.83
5.5
6.0
7.25
7.2
5.11
4.83
5.17
7.5
2.56
6.25
4.67
6.0
2.5
6.0
6.25
3.12
5.56
3.33
4.5
6.2
6.67
4.25
5.17
5.8
5.0
6.57
3.2
8.83
6.11
4.8
6.2
4.29
5.14
6.0
4.0
6.6
4.75
8.0
4.29
3.86
5.71
6.8
4.83
3.75
7.71
3.86
7.43
4.14
7.5
6.86
4.43
6.0
5.17
4.6
4.8
7.14
8.4
5.5
5.25
4.0
5.14
7.5
3.8
4.22
7.75
5.17
4.86
5.0
3.83
4.22
3.43
5.17
3.33
4.67
5.33
3.33
8.67
4.0
5.4
6.33
3.0
5.6
4.8
5.33
5.5
6.0
4.5
5.8
4.67
4.2
4.5
3.12
6.6
3.12
7.25
5.29
8.25
7.0
6.38
3.5
4.0
5.29
5.33
9.67
5.57
5.57
6.4
6.0
5.75
5.0
5.0
5.75
5.43
7.33
2.88
3.67
6.0
5.12
4.2
3.43
2.89
4.5
5.25
4.86
5.4
4.4
5.75
4.83
4.29
4.83
3.86
5.57
4.2
5.56
7.5
2.33
5.0
3.57
5.14
6.17
6.6
5.0
4.4
3.71
4.6
4.2
3.5
6.86
4.4
6.5
5.25
8.0
4.6
4.83
8.0
4.89
7.25
4.0
3.56
7.0
3.14
3.0
5.6
6.0
4.83
