7.6
6.75
3.33
6.29
6.52
5.28
4.37
6.63
3.53
5.51
6.28
3.85
4.29
4.83
5.78
2.94
3.51
3.05
3.39
5.67
3.34
2.49
1.31
2.69
3.43
1.69
2.49
2.15
2.47
3.76
4.63
2.54
3.97
2.29
2.21
2.55
2.88
1.33
3.91
3.11
2.42
2.6
2.84
2.36
1.92
1.83
2.2
2.54
3.65
2.59
3.5
3.08
1.71
1.91
4.47
3.68
3.56
2.21
5.3
3.71
1.86
3.46
1.59
4.64
5.12
2.82
2.02
3.15
6.0
3.05
2.42
5.18
3.26
2.82
2.23
2.89
2.31
2.43
3.57
2.37
1.98
2.13
3.46
2.18
3.05
2.85
3.25
2.43
2.84
2.49
1.82
3.66
1.98
1.97
1.16
2.16
2.03
1.89
2.46
1.89
2.33
2.34
2.98
2.27
2.2
3.03
1.74
1.44
1.72
2.41
3.45
2.36
3.05
2.08
3.1
1.78
5.77
3.67
2.73
1.49
3.47
4.61
1.68
3.38
1.42
3.6
1.98
3.94
1.8
1.28
3.53
2.64
4.0
2.05
2.69
1.84
1.56
2.13
1.19
1.2
1.58
2.36
3.46
1.24
2.33
3.15
2.53
2.19
2.78
1.35
5.56
1.63
2.32
1.84
1.94
1.75
1.93
2.12
1.79
2.97
1.91
1.9
1.89
4.08
1.7
2.76
6.12
1.45
2.29
1.74
2.29
2.57
2.77
4.97
3.31
1.94
2.25
2.11
2.12
5.38
2.65
2.53
2.4
2.94
1.78
3.46
1.88
2.67
3.68
1.84
4.39
2.62
1.19
1.78
3.39
3.24
2.11
1.67
1.69
2.24
1.45
1.96
2.29
1.71
3.88
1.3
2.82
1.55
2.91
4.37
2.34
1.25
2.81
1.62
2.13
3.97
2.53
3.12
1.87
2.0
2.0
2.81
3.66
1.96
3.79
1.95
1.67
1.93
2.14
1.67
2.93
2.92
2.15
2.4
2.28
1.84
1.89
2.05
1.38
2.61
1.38
2.88
3.51
1.2
4.05
1.9
1.89
2.79
2.38
3.5
1.93
1.79
2.23
1.74
2.08
3.68
1.32
2.02
1.57
4.74
2.3
1.68
2.78
1.24
3.36
1.69
2.85
4.76
2.37
2.33
1.75
3.13
1.62
1.65
2.41
1.85
1.79
1.76
2.1
3.68
2.0
1.24
2.78
2.06
2.0
1.95
3.14
2.0
2.38
1.19
1.95
1.61
2.39
3.49
2.05
1.68
1.67
2.62
2.0
1.25
1.95
1.61
1.34
1.59
1.81
2.75
1.98
3.4
1.98
1.77
2.62
2.89
1.92
2.15
2.27
2.61
1.21
2.24
1.29
1.4
3.53
2.0
1.74
2.21
2.7
1.3
1.24
1.25
1.45
1.81
4.26
3.02
5.42
1.51
1.42
3.75
2.3
2.45
3.19
2.09
1.27
1.21
1.56
3.54
1.89
1.95
2.78
1.15
2.57
1.85
1.85
1.62
1.64
1.44
5.8
4.95
2.41
2.84
2.0
2.0
1.75
2.63
2.8
1.23
1.43
1.22
2.75
1.19
1.42
1.52
1.98
1.56
3.0
1.79
2.1
1.25
1.92
2.33
3.57
3.46
1.95
1.73
1.26
2.68
1.44
1.25
2.98
1.38
1.21
1.79
1.25
1.68
1.5
4.05
1.58
1.21
3.03
1.69
1.55
2.16
1.29
2.25
1.69
3.06
2.97
1.85
1.75
1.28
3.43
2.73
2.42
2.0
2.69
3.55
2.84
1.23
1.62
1.63
2.34
1.7
1.82
1.95
2.22
1.61
2.57
2.36
2.41
1.78
2.17
1.95
1.43
1.34
1.82
2.47
1.58
2.41
1.78
1.27
3.11
1.61
1.93
2.03
1.16
2.76
1.75
2.14
3.05
1.81
1.34
1.54
2.0
1.22
5.32
1.2
2.1
2.62
2.8
1.68
1.94
1.86
1.7
1.44
2.73
2.11
1.79
1.24
3.03
2.83
2.69
2.39
2.77
1.51
2.06
1.2
2.67
2.17
5.82
1.27
1.92
3.42
1.98
1.69
2.02
2.22
1.79
1.74
4.49
1.88
2.09
1.41
3.49
1.59
1.88
2.03
3.34
1.44
2.79
1.8
1.79
1.62
1.92
1.19
1.51
1.72
1.82
1.22
2.43
3.19
1.29
1.95
1.61
2.73
3.16
1.44
1.53
4.39
2.24
1.88
2.63
1.97
1.75
2.32
2.3
1.56
1.8
2.0
1.27
3.27
2.09
5.71
3.24
1.84
1.3
2.41
1.21
1.66
2.33
2.33
1.82
1.68
4.45
1.41
3.03
1.55
2.3
2.7
1.25
1.98
3.21
1.52
2.95
2.36
2.48
1.47
2.6
1.26
1.21
1.19
1.83
1.25
2.79
1.75
1.49
1.52
1.31
1.37
1.22
1.84
1.72
2.84
1.7
1.55
1.28
1.68
1.15
1.93
1.22
2.18
1.51
2.22
1.22
2.07
1.92
2.77
2.51
2.76
1.38
3.41
1.8
2.05
1.97
1.26
1.32
3.62
1.97
1.43
2.64
2.68
1.32
1.84
1.92
1.23
1.91
1.21
1.59
1.38
2.19
1.29
1.21
2.19
2.85
1.55
2.06
1.47
1.22
1.21
1.51
1.66
1.87
2.02
2.16
1.21
1.63
3.13
1.45
1.27
1.27
1.27
2.03
1.59
2.95
1.51
1.23
1.65
2.0
1.89
1.58
2.1
1.62
2.05
1.4
1.67
1.79
1.76
2.11
2.38
1.93
1.51
1.4
2.3
3.08
1.7
1.33
1.82
1.51
1.5
2.18
1.43
1.98
1.37
1.27
1.21
1.28
1.25
1.87
1.34
6.12
1.24
1.74
1.95
2.93
2.33
1.24
1.59
2.79
3.38
1.86
3.32
1.79
1.37
1.78
2.11
1.29
1.8
2.71
2.95
1.27
2.27
1.84
1.35
2.29
1.42
3.78
1.25
2.13
1.73
1.18
2.51
2.08
2.09
1.17
2.71
1.34
1.69
1.32
1.21
3.06
1.74
1.7
1.52
2.33
2.17
1.93
1.68
2.63
1.81
1.84
1.13
1.5
2.44
2.68
1.92
1.35
1.45
1.27
2.33
2.31
2.27
1.36
1.15
1.74
1.78
2.07
1.5
2.16
2.95
1.35
2.09
1.95
2.48
2.92
4.53
1.43
1.79
2.03
1.23
1.24
1.83
2.29
2.82
2.23
4.53
1.47
2.27
1.26
1.94
1.24
1.48
1.72
4.15
1.66
1.35
2.52
1.62
2.17
1.83
2.02
1.9
2.23
1.76
3.29
2.0
1.63
1.31
1.17
1.49
3.27
1.62
1.76
1.35
2.97
1.31
1.83
2.36
1.28
1.91
2.14
1.83
3.08
1.76
3.97
4.64
1.45
1.25
1.13
2.87
1.25
1.64
1.37
2.02
1.59
1.75
1.84
2.39
1.64
2.92
2.4
2.56
1.67
2.0
1.5
2.0
1.56
1.15
2.33
2.33
1.49
1.57
1.26
2.06
1.22
2.4
1.32
2.0
1.53
2.07
1.94
1.64
1.26
1.45
2.26
2.0
1.13
1.24
2.52
2.28
1.56
1.19
1.17
1.73
2.17
1.92
1.5
1.48
2.13
2.61
1.27
1.44
2.29
1.27
1.48
1.31
1.23
1.69
1.39
5.41
1.43
2.9
1.16
1.52
1.6
1.57
1.75
1.27
1.82
1.38
2.65
1.3
1.94
1.22
1.33
3.11
1.23
1.54
1.33
2.3
1.29
1.53
1.41
1.3
2.33
2.03
1.68
1.83
2.0
1.74
1.5
1.76
3.16
1.36
1.4
2.06
1.68
1.79
1.27
1.91
2.35
1.97
2.43
1.67
2.42
1.56
1.68
4.0
2.66
1.58
1.74
1.41
2.7
2.03
1.36
1.24
2.49
1.25
2.33
2.25
1.86
1.55
1.52
2.92
1.47
1.43
2.31
3.03
1.74
1.46
2.46
2.03
2.39
1.69
1.31
1.61
1.77
1.66
1.38
1.71
1.87
1.89
1.92
1.73
2.1
1.84
1.29
1.97
1.27
2.08
2.91
1.27
1.73
2.31
1.42
1.89
2.44
1.89
2.84
1.53
1.68
1.68
1.56
1.62
2.03
1.42
1.57
1.58
1.17
1.53
1.92
1.81
2.4
1.32
3.2
1.18
1.43
2.85
1.22
1.25
1.28
5.09
3.61
1.41
1.54
2.62
2.11
2.02
1.94
2.22
1.79
1.29
2.14
3.57
1.53
2.1
1.3
1.3
1.38
1.23
1.34
2.21
2.47
1.34
